0,666
0,665
0,664
0,663
27,4
27,3
27,2
27,1
27,0
0,662
0,661
0,660
0,659
26,6
26,5
26,4
26,3
26,2
0,658
26,1
26,0
25,3
25,2
25,1
25,0
0,657
0,656
0,655
24,3
24,2
24,1
24,0
0,654
0,653
0,652
23,3
23,2
23,1
23,0
0,651
0,650
22,3
22,2
22,1
22,0
3,5
3,4
0,649
0,648
0,647
0,646
0,645
0,644
1,37
1,36
21,3
21,2
21,1
21,0
0,643
20,3
20,2
20,1
20,0
0,642
0,641
19,3
19,2
19,1
19,0
18,3
18,2
18,1
18,0
17,3
17,2
17,1
17,0
16,3
16,2
0,640
16,1
16,0
15,3
15,2
15,1
15,0
14,3
14,2
14,1
14,0
13,12
13,8
13,11
13,10
13,7
13,9
13,4
13,6
13,5
13,3
13,2
13,1
13,0
0,576
0,466
12,6
12,5
12,4
12,3
12,2
12,1
12,0
11,4
11,3
11,2
11,1
11,0
0,574
10,71
10,70
10,69
10,68
10,67
10,66
10,65
10,64
10,40
10,39
10,20
10,38
10,21
10,37
10,36
10,35
10,34
10,33
10,32
10,31
10,30
10,29
10,28
10,27
10,26
10,25
10,24
10,23
10,22
10,4
10,19
10,18
10,17
10,16
10,15
10,14
10,13
10,12
10,11
10,10
10,9
10,8
10,7
